157
5220
4118
2054
1424
5622
5395
2948
4808
987
2890
1521
1942
417
3184
3143
2664
3176
1462
2779
4475
125
4664
2953
1825
4264
5234
1952
5565
4766
4803
3064
2810
2020
2297
3227
187
1409
2028
327
5230
3774
4855
4543
1306
3324
1296
2584
1000
1730
2313
5431
5726
1346
175
453
1029
1687
4000
988
3580
1598
2602
2144
2837
3869
974
61
4638
3700
4579
4984
218
4703
2726
4693
4702
5125
4815
2453
3016
272
4959
3370
4344
1609
4438
4153
387
2495
5906
2025
5020
2212
753
1342
1779
4676
359
2269
1290
4819
1771
4220
1074
4834
2348
1224
149
5950
4705
2337
3724
1477
1277
5462
2944
2773
2769
1193
3997
4755
5708
2302
4643
4437
1982
5605
1702
5661
1658
5858
5334
5314
3465
117
3417
4140
4891
2203
4147
2828
2921
1040
600
4870
2758
5791
2776
3884
3284
3241
2761
2088
3458
1661
1299
2437
1635
2041
4868
3947
5358
5235
3185
1929
1538
4977
1177
1475
5229
99
4508
5127
1808
4854
5918
59
404
2288
1314
5597
1105
4617
379
2384
24
1989
5167
911
2370
4156
2245
1992
1840
1287
5403
899
2771
1258
2500
1127
2215
494
1672
136
4761
2522
2124
58
1719
2785
729
2915
1442
84
5820
4847
2930
4728
2935
3106
1597
5207
4647
5647
5103
4927
3624
4128
5937
4116
3212
3539
1764
5108
4813
518
1227
1027
2259
1602
4842
1744
4695
5059
1955
3943
1997
4752
5965
4098
3160
628
189
172
377
3145
4772
1633
703
1272
3045
5550
605
5208
3274
5099
3359
3021
1881
540
5082
5394
4238
1527
4933
5089
2410
2640
2878
5054
3832
2719
4666
868
4376
2003
5373
663
4442
2625
4882
2185
4644
3208
4392
4448
104
2820
3821
594
5031
942
3969
3239
4517
1660
3553
3885
64
5306
1213
4126
4762
5482
3960
3502
2722
3165
4536
2536
666
5374
1896
1289
4377
2152
2147
4515
2423
1228
4452
620
1947
3273
393
4143
4395
2727
807
5567
162
343
2491
4745
692
3340
3685
5386
869
4076
440
3217
5683
4332
506
1761
4242
4031
5375
5216
3629
4999
5587
2247
1266
3916
5639
5118
71
4075
4963
1103
4763
3815
3356
4495
4938
2194
5884
5166
5046
414
1200
5371
2840
5094
3812
635
484
1393
2111
2107
1051
288
1304
3102
2617
69
4553
3308
3257
4561
5165
3497
4418
932
3900
5114
812
4315
2301
2972
3097
4491
4177
5009
2855
1041
380
4424
142
4948
2132
2296
4401
505
2145
548
4421
2005
2982
4341
2643
3862
3303
2165
4384
5327
113
226
1943
2770
3574
2105
3280
4108
4639
3333
5517
1579
3970
2278
4620
4726
640
1036
1466
2202
4007
3230
2454
5115
2984
2329
1404
2156
3865
3224
4872
916
4060
2572
2863
1141
5366
458
5223
3739
4921
2155
5260
2908
3004
5309
2742
5800
1140
1958
5312
1747
5130
3135
520
855
4780
183
2507
2599
717
4350
2476
4954
1607
514
2477
2578
4430
1859
3126
420
2015
3267
2535
1249
3919
3726
1092
4902
4136
835
5790
4169
3373
3341
1634
3984
4252
3503
4137
4014
4811
1537
650
1160
42
1388
3143
1268
5370
3013
3744
3017
1503
5262
850
3530
4336
887
2608
5247
1945
4730
2848
1872
591
5944
2272
3776
4725
5477
54
6000
1594
2188
2788
1585
4352
2743
2970
2200
115
5414
4738
88
3027
2198
1386
1534
3876
2622
4170
1720
2229
2710
1538
3722
589
5188
2300
4388
1934
4239
3320
4439
4504
5872
4450
3218
5788
579
1454
2085
5591
483
5951
5012
994
2307
3558
5865
3186
5558
224
1682
1294
242
4494
3051
2475
2521
5577
1008
2527
564
3132
3008
375
4641
3743
5887
5385
687
682
1967
3697
1729
282
4656
4951
1839
4120
4919
5045
152
5640
5469
1217
1693
1758
2223
1081
617
4260
2326
3937
2994
1877
5593
2284
342
1760
40
4187
1429
5827
3474
1820
1077
3440
257
4741
3943
4749
3946
1126
2502
2473
2624
5265
1799
333
3820
3824
2897
1629
5491
2494
1940
4266
5584
1514
2174
4812
1019
959
863
3850
4832
3883
3276
3542
283
262
5330
2913
4417
2150
4052
1384
4288
1961
4609
4248
5042
1565
217
1221
415
3313
1253
3618
4272
2201
3551
5939
2805
1438
4432
5986
3803
773
1632
1924
1718
1939
557
118
1006
3486
2043
3365
5880
3981
875
3211
1097
3801
4374
828
5503
4257
3216
361
623
3906
4666
697
5255
3039
3376
250
2886
4507
4958
68
2366
5133
4679
1088
1742
5770
2023
3203
2074
4023
4451
5254
3050
1453
3928
5914
2373
1167
5033
490
3931
3429
5963
1328
588
948
2204
5172
5724
4463
4314
1186
4692
5551
1508
1087
49
3309
4580
1907
3525
3961
1490
36
631
4294
3715
1245
263
5571
4429
4899
949
3976
3711
2271
5595
313
1380
2180
302
5416
4995
5151
5989
5525
240
1154
5940
3705
5396
5289
723
2459
2701
4687
5027
1851
5694
1255
2016
5860
3852
1443
4594
979
271
3748
5135
1539
4150
5544
771
4114
761
229
5072
4929
1928
3896
1487
811
1817
3293
3117
3399
4853
4201
519
5191
4874
5736
2433
1627
5450
5697
3545
277
1405
3797
4572
2049
1038
2899
4575
214
3799
5664
2907
661
2694
1806
903
4630
2056
2730
1549
3584
3782
2591
5562
2688
1861
4158
2798
82
2778
1139
5449
3621
2033
3953
398
3472
678
4846
487
3590
4721
156
4371
438
210
428
5068
5540
3524
1957
12
5058
534
4251
5663
2809
1153
643
3869
5920
1510
2698
2237
4727
546
2896
5144
1236
3672
4844
5360
5876
5576
2283
5652
3109
5387
2628
5210
3124
3599
5559
4400
2422
5722
4048
5326
2737
1198
5226
251
1251
2134
1715
329
5542
3406
810
391
5472
184
4701
5249
2836
4918
818
1737
5427
5046
778
175
4346
823
3635
3755
803
3912
827
5324
2950
1264
1308
419
1876
3325
245
4467
1365
1649
2449
1713
3631
5756
3157
4751
5842
4658
4764
3259
4174
3249
1772
94
5871
2858
1093
4105
4713
2256
5002
2556
5075
2820
2035
1698
2328
3690
4792
1904
2491
5763
3113
425
5642
1398
5465
3480
3606
1377
63
3095
2604
592
1449
659
5454
2945
2136
3639
2401
5216
4801
1529
4006
3517
1165
4498
4069
543
5620
4102
708
1996
3187
745
3905
4800
3856
4791
3793
736
2167
2914
2189
51
2752
222
5051
193
2542
749
2294
5822
4056
4964
2274
2210
5526
3538
4046
337
1344
429
4678
3257
2063
4631
3336
1697
426
997
3361
4291
3929
5081
1694
304
1831
1060
3790
4485
5225
1734
5672
1560
882
5693
3918
2685
130
5277
5882
4029
3343
3536
4373
2723
297
191
389
838
4886
1030
2876
2320
5285
2177
3173
356
4222
2991
742
1637
278
4706
4072
2208
863
1345
427
2627
3659
3237
5468
3594
1048
5417
163
5604
2346
2874
1315
5273
4540
2653
1675
3030
5535
5592
28
690
5773
217
1496
4838
3675
5907
3798
1291
4009
1821
153
1427
4210
1505
4981
2183
1836
1254
3762
3006
1123
287
5903
3075
509
209
5415
4756
309
3664
243
935
2968
4119
2435
2382
2531
103
482
4270
5406
1155
1200
3423
2974
1071
384
1216
4131
4835
468
1513
2180
2679
5131
3941
3432
5917
1523
4655
1716
5862
4255
711
5010
1705
1271
3043
5668
2610
5830
455
2659
4110
4937
2902
4142
1234
3422
4295
2888
2187
5968
1288
4032
1489
3548
5850
4316
3387
5575
4445
2538
417
4135
2197
1681
1269
3130
5814
4345
3433
786
4571
5214
467
5682
2889
5297
5164
735
126
2906
5825
385
1079
3388
2505
3787
2350
1063
3978
3374
2421
4510
3567
3012
4774
1691
4019
2645
3398
731
2757
4931
1039
4051
236
1146
5218
808
5181
1879
5112
3492
2178
324
5036
5001
5379
4765
2434
2840
2983
2789
917
5899
755
527
4775
3934
2815
1297
3663
639
5936
7
1046
3921
5813
2873
5237
5025
4896
1196
4966
2922
197
5276
3110
3035
5153
5170
2562
3600
3189
734
1994
4310
584
1446
1204
3900
820
4895
1540
4848
180
4602
4107
2385
2520
2528
2355
4301
5848
2847
713
4600
3431
604
3571
102
1416
5246
2121
794
3272
1783
1804
4829
3000
1012
4317
2209
5678
3163
4471
5631
1604
4824
305
5020
5549
4188
669
5676
3661
2957
5270
1240
3210
170
5769
4483
246
586
442
201
1482
1164
4267
3611
4973
2314
883
2954
2344
4016
5532
5730
147
4145
1054
1206
3522
1267
3842
5579
1260
3718
315
4526
5870
4903
3131
5784
519
789
2143
5157
4246
1426
5942
644
3233
5607
2282
5229
3684
499
3475
5651
2258
3136
4546
4486
4212
768
5683
1995
2457
2547
2639
4621
3101
1432
4650
869
3493
3582
3119
5284
1367
207
5
159
1766
394
1319
4321
5757
4737
3437
2787
4178
4199
2361
1279
1305
767
5316
3221
5994
507
2797
2369
1614
3236
3991
3784
110
598
5731
4516
3694
1978
5494
1125
5299
4300
4907
3238
4112
4827
476
5156
3420
3466
5425
2654
3083
566
5747
1975
4130
2425
1005
3891
5976
1798
3215
577
3085
2070
3426
2865
3285
2403
3491
3254
958
4063
1590
3112
1400
4917
1231
67
5964
449
4065
931
826
3679
450
3779
4263
396
1282
3892
5557
1016
1728
1188
5893
2976
3796
1883
4152
3061
4455
5161
5000
1636
595
3974
4878
4549
2158
4189
1095
4784
894
4794
2466
57
4875
2240
1902
5500
1242
2288
950
763
5902
3421
2196
5282
1746
2428
5122
5761
3509
1932
4659
1469
4224
4296
1348
1543
5548
4443
1073
3310
1151
285
946
4012
5345
5883
2642
2904
3543
2825
2799
5128
4542
1930
3846
2673
2827
5539
1495
2086
4651
3893
606
1004
4196
5495
5831
4290
1958
4050
3587
4133
2084
4042
1552
1704
195
3001
2100
5014
146
4578
1032
4920
765
5909
4433
930
523
2306
81
8
2726
3626
2771
2323
1846
526
4003
1299
3093
4932
290
4090
1855
66
3323
5874
258
1541
2932
2429
3269
5890
4030
3836
4257
1608
1690
4925
1068
4518
2004
1081
5776
4423
2732
2695
4709
4744
1461
3864
241
3514
2973
1274
25
3322
2164
813
574
230
2595
4093
346
2629
1773
5715
2104
1021
38
5221
2497
161
1561
720
5984
991
2693
4823
1417
3775
1999
1184
5990
1875
2417
3315
2516
5421
2219
5864
5355
5750
423
1962
585
4351
5704
5149
4511
3094
5908
1968
3076
2144
5796
2079
5213
4456
1603
4179
3250
5438
5346
2746
2678
5041
4529
4493
751
3975
3740
848
2581
4979
554
3657
3297
2203
1435
637
5376
5309
5938
3953
5580
1600
2098
3481
1397
5710
5418
344
3149
194
830
2192
3067
2357
1643
5507
2066
4167
2918
1984
1582
5718
4975
834
4010
795
4497
4358
5278
1567
4675
2580
5440
2537
23
4180
2231
5295
925
5124
622
4249
5491
832
3142
2867
3907
2125
3646
723
5868
5919
4885
1493
2969
1510
5925
4275
1351
186
884
5305
2095
551
2478
2513
2458
5847
3128
273
2924
3063
4773
4204
5220
1627
3908
70
5007
5691
5074
5367
1468
3105
78
3055
5681
5445
824
4758
936
5685
3904
4691
3183
2560
3428
300
5442
4078
2102
3452
1026
4054
1507
3454
311
5023
898
955
182
2353
1173
2713
4182
3759
4138
4461
5509
2055
2869
2161
2801
5005
2103
4711
4013
5570
4864
1787
2381
1854
4014
1017
1621
3769
3080
5974
3235
973
4985
3384
1218
3698
533
294
4943
4327
3037
4905
3164
2861
288
4405
851
469
3159
1474
3730
3695
5480
5739
3944
5159
780
1113
5771
5713
362
145
4372
3153
2137
5894
4883
5688
302
3240
121
3192
854
323
4132
5086
3182
2920
3281
776
4698
2620
1786
5632
1618
5648
983
5861
2764
1176
4869
4505
5313
5767
2676
448
2543
479
4577
3866
841
5976
1157
283
4477
5354
3560
1057
4632
1180
3705
204
4608
4759
4302
3647
2601
1722
2872
510
546
4283
203
3298
5311
4426
4677
3887
1615
3596
1325
1277
1484
3838
4244
3451
3118
965
2235
2967
1491
2225
311
2786
1688
443
3786
95
1062
1320
2019
5759
388
5931
3242
1888
2482
2440
105
4799
3768
5183
2593
3682
565
3371
1877
944
5034
571
5251
5666
752
3569
3357
4685
5444
174
2966
3903
2312
1156
572
2017
5447
1259
4807
853
1765
2959
928
4379
3518
2101
5816
3333
1132
4601
5240
2613
1916
131
2783
4993
2916
4483
1223
1807
1237
2486
1781
5966
4662
861
5913
4225
675
741
5618
732
4265
775
1202
1925
563
4911
486
2062
2837
5158
32
4888
5123
2635
1891
5435
4910
1710
4992
5318
5793
4181
2295
1963
2961
2831
4806
5700
5936
97
5514
1248
5322
897
1025
1554
3577
978
787
1795
937
642
2352
1428
4676
3825
3347
2892
5496
1752
3534
3653
1663
4239
4338
3813
2335
2714
2251
5531
1671
3909
3316
818
331
3687
114
1973
3834
334
1640
2655
1550
4221
4923
1695
4067
2262
3841
2027
3386
1917
3180
5727
2224
5663
3954
4407
1714
844
660
621
5119
4514
4724
1131
2249
4952
4187
4822
528
1980
1301
2139
2229
5753
5498
333
2941
1849
5451
1573
2926
2289
1479
2109
3092
4431
625
3971
4922
3438
1792
970
374
2367
4374
4270
3911
2273
2989
698
4897
2565
4965
4861
2281
4066
4490
3761
4238
4538
5662
2242
1186
594
150
2341
901
3573
5705
4539
431
2592
2073
5725
4211
5545
1519
4502
1336
3
5238
4801
4444
3031
1310
1911
128
5742
1857
4284
3379
2354
1470
4589
5783
3246
268
2334
1813
5590
3410
962
975
2390
3439
5724
2162
4590
2450
772
1799
3419
208
179
4826
800
5244
3033
376
1965
5307
4623
2176
2076
4585
1109
2755
5096
4874
756
2521
4027
165
782
1612
3568
953
1828
349
1316
408
5778
2531
2717
5212
5829
185
3721
3245
447
1001
5971
5503
4176
5463
3510
367
866
939
5479
4654
119
2039
4881
2092
3024
1882
4934
2978
4524
2576
470
4513
4324
3427
2661
399
5142
5505
2026
1802
1058
4165
3319
90
1845
788
1959
3400
1617
4668
2548
2927
2448
3415
3028
3414
5612
3891
1332
4496
4282
3753
2686
512
3394
4036
3099
1587
478
1412
996
16
3656
1646
3995
5481
1102
5751
2365
100
5846
5626
1712
3572
2909
4473
1246
1159
4559
3027
613
938
281
84
2759
712
4218
1076
4776
5493
5204
1150
2739
4136
418
3329
1547
5721
5529
4645
3378
77
5461
5901
321
4309
5075
1480
3166
2940
550
4974
4884
4041
2632
5176
5104
1224
3886
753
4634
766
3172
1209
3810
1788
1591
23
3623
1516
4652
4980
4389
1583
4882
1166
4237
2293
2934
3758
4599
5786
1175
5644
3732
5436
1520
5083
4124
5601
1130
3018
4226
1050
4907
1956
5044
5060
3305
4735
4311
371
4681
3868
2160
799
2575
4571
3662
2087
993
2782
1140
205
4287
965
3973
1080
1110
709
614
5195
3670
1024
748
454
521
2947
3453
3680
3947
777
5102
3601
801
1261
3826
1022
2349
1815
3880
3704
691
4386
2330
328
3992
5949
3531
5224
497
2163
2842
4720
5597
1631
3022
5945
3607
791
599
358
264
2000
5232
4547
52
4618
5369
2071
5471
4939
1971
2210
2621
3042
5974
5506
4146
900
26
1430
1589
2854
1892
2407
3152
3831
2612
548
3088
967
3294
816
3470
1033
1370
1856
1535
171
941
3404
5935
4548
9
2182
3291
1606
2129
3805
3459
2032
1167
4335
3763
4521
667
4732
700
1912
5244
1194
3549
1085
2501
4837
670
5056
1650
267
227
1816
2657
2401
5266
4440
5851
5063
4795
3548
1674
5194
4015
3936
954
847
1091
1382
2415
3390
5022
746
1133
5719
3473
2971
5760
971
4254
5426
1374
4035
445
189
1791
676
5849
1434
5303
2400
5048
4425
615
4971
2824
5141
616
4782
1408
5095
5553
4164
738
902
5923
2646
1247
4080
2866
5845
5279
3462
5521
456
5145
134
1581
3377
3707
5512
2013
5982
1860
5400
2381
5561
5399
5029
336
2325
2532
1138
4436
2388
1273
590
2810
1866
2925
3917
5219
4198
3677
3681
496
1738
5424
406
42
2765
158
984
3956
5416
1059
5803
2690
4138
1736
2862
3777
5811
3188
924
653
3277
797
1740
2320
5640
2254
2340
912
3652
2671
4593
2703
1998
5409
5912
1308
85
3766
1602
4872
1145
4369
4760
1552
4598
5547
3567
377
138
1525
3175
1648
1178
3016
2304
1457
5158
2995
1782
1322
4099
1447
5014
4550
1878
5016
5070
3151
1797
4479
1472
3483
4684
1326
466
91
3064
3053
4906
5523
2820
2768
4368
4166
3351
4077
2181
947
3087
5359
2711
1706
1278
3985
2600
3195
1409
5669
520
3690
5519
5789
4666
4101
1528
658
1450
125
5954
1232
4813
5025
5934
2455
416
3161
2830
5077
5241
1265
4733
4790
726
5812
1626
1729
4915
5781
3642
933
4300
2373
34
5609
2670
5317
1497
2756
4361
1035
355
633
3693
904
3608
4708
3338
2148
4139
51
5445
398
4793
873
5530
626
798
124
2702
4603
261
117
5356
2933
5867
4488
1531
1863
5475
603
2672
5806
2946
4400
292
5484
3683
2369
1801
1554
4096
4385
6
5290
3392
654
5183
3868
3958
4817
5470
2856
96
1099
5364
5905
5004
33
877
3830
1214
2795
4028
2667
3078
525
2184
3507
2227
3981
4482
4222
5516
1179
1096
462
1749
4060
1966
1066
4095
837
1824
2981
3729
4850
2787
4259
5728
636
3655
5365
5611
5762
1850
4945
5026
5675
3523
1478
61
5030
3689
5979
4404
48
4753
5955
721
1378
3258
4856
3397
2112
840
3448
2115
274
5175
5628
3487
4937
452
50
2910
980
609
4163
4671
2153
1570
921
3271
3668
2650
5412
1281
5271
5406
1082
1124
759
4564
1776
5296
619
539
4962
1800
574
4689
2405
5596
2652
2747
2187
3403
5567
2316
2030
1356
1664
1284
2800
2395
2776
2556
1676
3134
2318
2894
2633
2009
4339
3855
3809
5476
5764
5922
3581
872
583
4531
5090
1832
2753
1192
3644
2093
3264
5568
3570
2846
5551
327
164
2276
1869
2445
219
3012
2826
161
3814
1568
1716
5840
1951
5448
4769
2955
5197
2220
5748
439
3302
4161
3918
3331
4796
3062
2732
3125
3989
1936
472
2579
4073
4616
4527
4922
1722
3145
2855
886
3111
3026
4308
1770
5585
1975
5625
3604
5970
545
4484
1250
998
4235
4286
1252
390
1216
1485
3987
5084
485
2319
4356
5534
1263
4936
3488
2781
5217
714
2385
531
4709
5028
831
849
966
5729
4304
5337
5866
4816
2339
2974
4451
3819
2960
5339
1732
430
505
3737
4000
4998
1923
3648
722
3121
2641
3449
3705
1917
5093
652
1193
5459
536
1668
2379
5236
3719
2232
3288
3157
1147
1368
2277
4071
2570
5443
4391
5684
2214
2010
4319
5946
3849
1119
3266
3123
1067
3806
4716
5711
5378
3395
4380
4646
892
3081
3253
982
1127
915
2420
747
2552
2027
1904
4342
4018
4293
2549
3389
5985
4406
4587
2988
2363
3895
3108
4480
5152
5900
5733
3845
1300
5779
3348
758
5203
3968
4277
684
2515
3606
168
3375
4747
2884
411
3922
5649
4996
5275
2985
2745
3930
3096
5206
2733
2110
1884
3586
4452
5777
3906
885
5179
781
2550
2436
450
2705
1112
5372
1666
5566
5918
1083
4442
1207
4710
1740
211
2352
2637
4672
4113
5061
275
4849
4978
5336
5819
2286
1390
935
1490
1329
2606
1413
5116
3137
5965
4117
4957
3425
5281
3352
3966
3513
4540
5823
2872
920
736
694
5357
1858
308
552
3746
1318
874
823
5199
1522
2660
1411
1427
1471
1852
1566
488
3196
5100
3641
4326
3238
3020
1756
1352
5176
1391
5021
2141
477
5052
4081
977
3045
1835
1560
284
4183
1564
4022
5608
5348
5885
1410
1042
295
4448
252
4294
4591
2392
5799
1601
1436
378
3706
2619
2905
3583
444
3243
2460
3498
593
4847
2589
3760
4588
5454
3283
5352
4525
1913
2977
3595
5738
4532
570
3935
1575
5886
5928
120
783
5239
1655
5323
3686
3198
2109
4601
976
3875
2593
3979
4236
3261
5927
5540
5924
1900
1536
3046
704
5538
4555
3400
2744
3752
3949
1226
2479
5065
1122
2397
2036
4727
1171
1262
5405
5342
143
2917
4822
111
317
5049
4466
3440
4021
1563
2519
807
5062
1420
5024
5285
2234
2481
5080
1177
2114
1202
2447
2062
4002
3511
5630
267
1770
5809
1222
3029
453
624
2518
4960
5902
4432
4718
2943
1238
1759
3749
3566
3713
1947
4644
5855
3815
1874
5742
1161
1559
4273
5231
2880
5466
60
1981
4003
1569
903
3391
3843
2378
1322
4581
3047
2957
2439
5599
436
3155
5015
1914
1148
5157
5401
2290
4712
93
3999
5916
1129
561
2817
1833
4947
3921
2257
4669
4637
2255
2682
3332
5292
2487
5109
213
2265
2883
4328
3620
4232
3405
1898
4173
5953
4515
1790
5588
3990
2687
3660
5941
5818
4818
1983
889
345
2716
4834
5328
1483
2952
3827
3557
4217
4297
5581
2014
4092
1115
5673
1748
5492
5268
300
4045
1401
5668
1889
5960
1758
4798
1907
3912
1336
4640
5836
1577
3019
5099
285
3225
2514
1455
3380
2915
5169
192
1677
2464
3475
3714
4049
3330
981
665
3938
1749
737
1257
1553
3617
190
2986
1162
1403
4887
2243
1692
4191
4739
2427
2680
5897
5147
1009
4207
2931
878
1985
4285
303
3674
2656
1189
212
2213
1645
5254
5055
1591
713
1094
1807
4281
1444
1534
4360
3015
2384
2707
3126
3159
1853
5661
5101
3708
474
541
4040
3482
4880
1095
2863
1422
1814
5353
5499
922
2797
3709
2618
5650
672
4459
239
5011
2024
1452
2364
1752
1596
724
5972
1183
5384
3575
306
3750
5946
3519
4660
3147
3590
1613
4990
5146
1638
2457
2525
1456
2727
2763
1377
5370
2802
1840
3341
779
2260
4088
5998
2127
5362
3232
1812
5763
1241
4037
2311
37
1990
3711
3857
5623
1165
4804
3941
4461
3210
4950
1337
3643
3016
3396
5018
1526
3939
812
3734
10
1134
1886
262
1680
5486
5921
1008
3514
2145
3154
4678
1
5003
5930
502
3940
3986
1064
4983
3521
5765
2333
3381
706
2537
3871
4653
3068
5143
1948
4100
825
1243
2442
2375
1388
1170
2149
4125
1034
5737
5188
1895
829
5037
1315
963
805
5787
5419
5034
1492
833
215
1846
2330
1440
3175
354
5864
2849
1805
3477
586
3952
1185
4190
2647
5574
2324
4
511
927
4604
3678
248
4584
5642
5457
1761
5243
3948
3544
2563
1915
1053
2561
372
989
1960
2116
5098
1532
2308
506
316
3592
2905
5331
2551
365
4119
1084
1711
1104
529
2416
3058
817
3848
1822
3255
4076
200
4663
5319
4498
1020
5326
3658
3873
952
4193
3901
1398
2006
4329
4292
5987
1717
493
1052
2217
4500
1930
5804
4364
2887
1978
4457
2615
1941
4260
1357
1504
1307
949
915
2938
2730
4643
547
5991
3927
1156
1489
2342
2296
4569
1215
587
5389
3733
2539
2211
1483
3598
4552
233
4298
107
3791
2389
241
5775
5989
3603
5264
2409
116
3929
2399
5766
42
3616
2493
5808
5162
3497
5834
3252
656
1737
4278
1340
129
4679
2256
384
4313
5057
1961
4041
5552
5999
3463
3635
5280
53
3807
2207
5293
2838
5593
5610
3863
1186
4682
3442
4755
4127
1860
1682
3600
4492
1200
918
2196
4172
5027
5253
3460
1628
771
948
256
651
3334
623
3116
1380
5102
375
2034
5563
3363
1476
1303
3042
4997
1538
415
681
4949
4331
2286
4857
2475
5167
1182
247
1791
5513
5325
312
4446
810
383
3528
1808
5117
2437
2636
5490
2084
2857
5186
1837
4554
4314
3032
1269
2762
3065
1873
862
3377
5570
2796
815
1498
4330
5062
2891
4186
5227
3885
1642
271
14
1844
3337
447
5137
31
4610
1396
4674
280
1511
1659
5956
2622
798
995
3074
5595
2510
5671
4970
2210
3887
1803
1588
999
4410
2266
3706
1187
3751
1908
1834
5135
739
2546
2391
3640
3742
2275
4057
880
716
3731
5857
5350
5092
320
3946
3352
5228
421
3506
3659
5428
3781
1191
1169
197
4863
1518
735
5120
4318
2269
4262
4450
3614
3861
4454
519
3011
2684
3228
5560
2835
1453
3141
2218
5029
2355
57
3091
75
4280
175
5594
1708
65
834
409
4030
1299
1928
774
3106
2738
5414
2634
4754
1479
5569
1850
1181
3392
4001
1709
2421
5126
5071
2067
4139
896
5032
4253
2760
1989
5456
5621
1192
2897
3520
549
1843
5782
5485
2903
5977
4501
4214
1547
412
1848
3731
1210
1038
4466
1296
4137
3972
2099
3955
4168
3500
5466
3206
2555
4814
1101
5263
2012
4821
1288
4421
1670
5734
4453
4667
5993
5473
548
27
5511
3413
4429
66
5755
2859
4651
1714
1507
5215
1354
4033
907
2973
3839
1168
977
4387
1755
210
821
5422
1701
4567
2715
1700
4106
3689
5250
5920
3828
5883
5205
5745
2609
3519
133
5718
2241
2779
5272
3150
5807
1233
5341
1219
1901
3148
728
2131
2453
4986
858
5058
1587
2870
3174
1931
3822
965
3588
1406
4598
4640
4699
4722
5249
2736
1891
1394
132
4671
1697
5723
2883
4058
5312
1108
3296
4571
5076
3063
5237
4740
4935
3122
4344
4142
1128
4648
5981
4940
2816
4828
2133
5322
4085
1683
2728
1339
2604
5153
3815
3084
3167
750
5962
1044
3129
1887
1298
393
298
1899
3054
464
5394
4373
2623
5634
1635
232
1447
4134
4322
5082
1971
5447
910
19
2042
908
1080
3262
1174
2890
680
3906
458
3800
2287
3613
1135
5656
4977
1459
83
2898
1825
3192
2635
4209
3193
3160
4428
2071
1630
1653
4700
4307
5520
5392
3481
964
1794
5138
4381
4441
754
3511
3326
3525
4460
2799
2086
3398
517
4535
3304
5381
5877
5155
4420
3806
5910
3888
2553
3293
3610
2793
3504
5975
5707
4257
1342
4170
2465
1533
3059
2744
4771
244
3239
3458
1527
4886
3578
3963
3260
2404
4503
310
1551
1078
2524
3877
2154
5286
4334
4028
3505
5361
284
4486
5703
154
5383
1235
2122
2833
3003
4562
3076
2206
3543
2477
1464
2964
3426
504
2305
5525
5305
3759
3696
2686
4383
3703
1465
144
2061
5837
3649
3932
363
3465
2599
5613
1439
3335
690
266
5852
1109
2503
512
5892
5123
2842
5698
252
2004
3837
5869
2638
3559
4414
5002
3951
4102
1093
4834
4989
4382
1988
1414
798
743
5589
950
1071
4197
2644
5681
1356
5646
890
3748
473
291
905
15
1750
1373
2818
5712
2877
2467
4268
5841
5827
2565
4472
1994
304
2107
4556
5840
4144
1964
3745
3306
5518
5270
3607
1331
4714
5726
859
3219
20
2725
1593
5269
4481
5584
4961
4219
2441
3829
4893
5689
677
5344
4910
3495
4312
648
1441
2193
2534
5891
495
1407
43
4595
2090
5298
1158
2031
3040
4223
2520
2130
4628
4375
3251
2648
5035
4495
281
3638
2072
5958
2988
2345
4561
2683
4987
5043
647
5211
5301
560
3589
4618
4353
1702
3223
1010
4140
2823
1935
5455
3993
3852
2711
4964
2605
5295
703
5150
257
4159
3256
2474
2336
4769
4805
4839
5614
5189
5335
3797
1381
3585
3615
2285
1107
4320
4415
578
176
1865
4409
1150
3634
4932
5680
5438
3630
478
929
2677
4659
595
1845
3156
4543
2674
2468
5772
1726
4635
2526
1430
3259
3301
790
4743
3716
2435
4944
457
3007
876
792
5643
3817
2434
3009
612
2267
2274
4705
221
4719
5041
5276
3052
5343
2292
5889
2478
610
762
4871
5586
4086
414
1385
784
4701
2018
238
573
4194
4835
2984
2507
4810
4413
1425
3717
5859
3637
2712
2661
410
1768
5888
1070
1176
5686
2239
1773
5844
5387
4397
760
188
4270
791
352
468
4661
1882
4258
2159
461
4000
5583
2542
3725
2876
3279
2849
3410
3088
923
5103
2278
5623
4713
2360
1724
3541
1868
1594
2724
4622
3964
3215
2252
5663
3683
314
5899
502
4609
1008
5723
1066
4547
5483
2780
1198
1644
4866
1559
128
828
4919
1156
5
4129
5917
3455
2238
2166
1719
2246
4566
2157
1944
4714
528
1116
3121
1890
1510
1408
3035
3391
1175
368
5695
1313
1384
4061
5248
3602
3882
35
575
5148
5413
3847
5022
5654
3944
5478
5898
5079
2989
4783
1707
3757
4544
4115
2567
4901
5247
3441
1503
3368
5222
3564
1718
4859
2091
5546
2962
4573
4735
4203
4611
1870
3490
2403
5078
5452
1445
1660
3042
2901
3928
5159
3535
3846
4499
1077
2663
1350
5255
2608
1149
5434
793
4178
1494
2170
887
4737
1557
1906
2429
5299
5430
4439
3214
3675
865
5104
3199
3056
417
3798
5242
622
3388
1338
5710
4068
2470
1997
664
1121
2953
2443
1085
2850
4612
1268
608
4412
4568
45
4664
3747
1656
1334
3896
3021
985
1151
4204
1651
1921
2548
4680
3818
4895
2335
1056
2845
4716
364
1262
4416
1446
1324
5246
4444
2740
5873
3445
351
3479
347
1599
3568
3856
2691
2654
1153
4811
2195
1793
5527
3079
57
177
5267
852
1451
1230
1677
2358
4455
4070
2066
3292
3576
3870
2777
1545
318
2594
2060
146
3959
1757
4087
1043
4151
1797
2367
446
3372
4553
4359
5136
451
2432
3550
3546
3957
1979
2973
2058
3816
2430
4976
1835
1641
5226
326
5662
770
240
5940
5433
4657
2221
1027
5741
1515
581
4155
3811
2228
5050
958
2920
231
4506
1798
3336
871
3776
1741
78
4624
301
1443
5388
1950
4856
686
3730
52
1662
3201
4464
72
688
727
565
1470
3908
5366
4293
5117
5699
2665
591
5377
1114
783
1381
1864
3226
4814
3069
2187
4665
208
3950
3135
5996
381
2784
786
1701
3008
4195
1828
1952
2343
4652
434
4787
3408
1894
2601
5974
1763
1609
1463
5040
4738
2040
315
1488
819
1945
5157
2958
1856
4575
4066
3093
972
5749
3992
1450
3759
1405
4362
5554
1680
4443
1619
8
4018
4402
5287
2216
2151
1193
1509
4024
671
5775
1761
764
3557
4903
4853
2044
4247
2317
1679
2108
1605
4872
1126
2912
5251
2203
1358
3824
4094
5039
3209
1047
5798
3598
3574
5967
5617
5658
2649
3553
4630
2505
3833
3851
4626
1578
1778
3754
3082
5988
5213
41
3611
340
5919
5297
1237
3300
2852
2796
5915
3154
1972
4040
3186
5820
5289
3221
5023
3290
4379
4830
559
2668
940
62
2945
4785
4530
5631
2047
2279
5872
1001
2645
2008
3962
5464
407
3795
1185
5943
3382
2732
5347
4457
4969
4224
4496
3402
2911
836
2191
3157
2504
4032
2949
1922
3834
22
2511
2396
2023
3594
346
2173
3399
5078
2600
4860
2773
5929
4013
3107
278
4487
4533
5390
5237
2956
3945
3769
4627
4723
5498
553
1421
757
5677
394
1819
3565
4163
2853
2502
205
1015
121
2125
4873
569
4528
696
4425
3211
1202
4817
2735
2554
1294
4074
3894
576
758
4043
1836
725
1487
3146
882
544
3409
2990
25
5437
5618
3996
4175
1395
4198
4894
403
3526
2538
2611
4243
3765
5875
3587
1953
3773
4904
562
4602
4474
3692
3013
3865
1500
3788
4137
4157
3728
2868
1438
5467
5249
5797
214
2577
5097
1485
5904
2068
4357
1558
4062
5645
1190
2352
2145
4445
3383
602
2545
3496
2032
708
4315
1829
4026
5200
3579
4424
2059
118
5270
960
3311
5911
2372
4858
2196
4879
354
5860
2626
2417
5349
1295
138
3836
1751
4569
5791
5048
2709
4889
1448
4696
21
294
2591
1493
4520
3124
2718
4314
741
3086
2574
4596
1270
309
1272
99
5716
2230
4435
2921
4025
3652
4213
2917
1673
4824
5768
1610
4926
5224
2219
1026
5541
4592
4803
530
1261
2147
4534
3143
2907
1006
4230
3041
4516
3314
2726
2992
4154
4619
1637
2214
3854
1105
68
2362
1050
2431
5502
1157
5065
3727
4317
3889
4164
4877
4409
3494
3632
272
3858
259
846
3625
5339
5310
225
2748
4504
480
5766
5961
2065
5134
2414
1926
1754
4477
4311
5930
5273
3030
1199
1552
4252
3561
836
1577
822
4264
1743
4752
5784
1173
3464
5178
1086
3884
4820
2301
91
3758
809
5806
2587
1717
2292
2498
4298
1880
1572
3036
3114
3469
3676
4008
951
4192
832
4725
5616
5245
3887
3739
2624
1872
4083
4508
2590
945
3306
5553
1757
3303
3647
87
3654
5542
5548
5509
1521
5533
4132
1482
4742
4721
2076
3977
2908
804
5067
3170
2468
1415
348
3734
4606
4371
3904
637
3461
180
5233
1309
1927
5492
3433
937
5300
1184
3104
4582
2588
3070
3673
930
342
132
5490
4946
3539
3899
373
2109
2893
4954
5164
4434
1888
2756
4141
1626
997
5992
514
3694
3875
5682
3802
2592
89
1383
5598
4438
3792
1905
4614
3424
4966
127
869
4550
5993
2176
3098
4396
3869
5066
3468
4288
2456
1830
3234
3235
2942
523
4167
4836
3665
5470
1571
122
471
1362
5019
4731
5129
3332
913
2961
437
5504
1784
5628
5687
5005
726
5234
4202
4625
1290
4632
799
1665
4941
3756
3575
635
4809
2806
3554
4290
2240
5969
3886
845
2444
524
814
700
2700
3970
3840
5072
3095
5551
2544
2651
4251
5006
4686
3240
1432
775
1014
4833
2291
5091
1780
3931
5959
4629
3720
4227
694
46
4708
612
4403
4865
5340
1307
2937
4148
1366
3664
1826
2272
1392
2293
567
3144
3169
1437
4883
2824
4365
5410
4806
1727
4049
3985
2186
390
4180
5195
3270
3206
2080
2488
4463
1929
3342
1710
1060
2916
1417
2529
5064
1275
5122
4990
2174
2270
1555
1893
4779
335
1853
555
4849
1592
4745
5517
4892
1095
4150
1704
2172
3382
3872
655
551
2582
5759
4199
3328
2379
2140
5378
505
5356
4084
5777
2390
4985
5646
3416
2155
4449
4110
3112
1698
5266
4659
2273
1142
5575
2128
3471
1936
1531
722
2883
1995
1810
4802
1316
2772
4778
5132
1574
5991
2837
90
5788
3888
2069
1120
1241
3772
2675
5010
695
5108
5090
4208
1148
1731
2406
1762
772
4916
1816
4633
4261
3905
1632
630
5907
2233
1940
5424
4079
5638
716
5576
7
80
2607
994
23
3002
1973
1292
503
378
5302
756
3072
2840
5338
2533
3355
181
3709
2695
3600
3982
1858
3197
227
4600
3164
5876
3128
854
5191
5636
3712
5291
3307
2631
162
5099
1948
141
2188
393
1967
4046
1889
3764
1497
153
509
5932
4951
4039
1036
4561
3133
2243
5732
2425
5503
508
1081
1544
4420
5392
899
5747
3184
3738
5537
1130
116
5033
152
4914
4179
1089
540
4009
1789
5592
2803
1721
4222
2037
3896
1017
2637
73
1418
4093
527
1951
3230
301
3994
4777
1137
4816
3516
5116
1538
70
2469
3489
4736
3001
3839
5832
2733
1058
4089
3017
2787
878
353
956
2586
4348
135
2491
3913
1359
4271
1918
1658
2152
5906
4770
3312
2983
4394
3810
139
2142
2882
1672
156
5545
5139
1103
856
2723
692
4418
2785
220
307
5878
2139
5214
4583
3438
4734
3934
462
3177
2159
3530
5187
2603
1179
1720
4408
1617
4579
2136
2118
3049
3411
481
4797
2002
5444
2146
2322
